100000000  26  82  65 100 147 134  69 117  42  89 125  38  13  38  31  22 103 143  94 104 123  98  58  38  30  67 120 149 100  93 162  62  66
 26 100000000  56  39 109 156 140 135 183 108 155 190 104  79 104  97  88 130 176 121 131 150 125  85  65  57  94 147 160  80  67 189 128  40
 82  56 100000000  16  53 100  84 107 155  85 132 168  81  56  81  74  65 146 186 137 147 166 141 101  81  73 110 163 164 102  71 205 105  62
 65  39  16 100000000  97 144 131  96 144  69 116 152  65  40  65  58  49 130 170 121 131 150 125  85  65  57  94 147 166  86  73 189  89  46
100 109  53  97 100000000  47  34  54 102  67 114 175  97  96 128 135 131 198 193 203 213 232 207 167 147 139 176 229 222 204 148 235  60 175
147 156 100 144  47 100000000  40 114 162 127 174 235 157 156 188 188 179 258 253 251 239 258 203 215 195 187 172 207 175 157 101 295 120 133
134 140  84 131  34  40 100000000  88 133 101 148 209 131 130 162 169 165 232 227 237 247 266 221 201 181 173 190 225 193 175 119 269  94 151
 69 135 107  96  54 114  88 100000000  48  53 100 158  83  82 114 121 117 184 179 189 199 218 193 153 133 125 162 215 244 195 188 221  46 161
117 183 155 144 102 162 133  48 100000000  37  53 114  67  66  98 105 101 137 132 149 183 202 177 137 117 109 146 199 228 179 172 174  57 145
 42 108  85  69  67 127 101  53  37 100000000  47 108  30  29  61  68  64 131 126 136 146 165 140 100  80  72 109 162 191 142 135 168  20 108
 89 155 132 116 114 174 148 100  53  47 100000000  61  71  70 102 109 105  84  79  96 144 163 175 141 121 113 150 203 232 183 176 121  61 149
125 190 168 152 175 235 209 158 114 108  61 100000000 192 191 223 230 226 144 139 156 184 165 215 249 242 234 251 282 332 297 297 113 182 270
 38 104  81  65  97 157 131  83  67  30  71 192 100000000  25  31  38  47 110 105 122 142 161 136  96  76  68 105 158 187 138 131 147  50 104
 13  79  56  40  96 156 130  82  66  29  70 191  25 100000000  32  39  35 116 130 107 117 136 111  71  51  43  80 133 162 113 106 172  49  79
 38 104  81  65 128 188 162 114  98  61 102 223  31  32 100000000   7  16 123 136 114 124 143 118  78  58  50  87 140 169 120 115 178  81  88
 31  97  74  58 135 188 169 121 105  68 109 230  38  39   7 100000000   9 116 132 107 117 136 111  71  51  43  80 133 162 113 108 174  77  81
 22  88  65  49 131 179 165 117 101  64 105 226  47  35  16   9 100000000 107 141  98 108 127 102  62  42  34  71 124 153 104  99 166  84  72
103 130 146 130 198 258 232 184 137 131  84 144 110 116 123 116 107 100000000  46  63 116 135 147 166 146 138 175 221 257 208 201 120  86 174
143 176 186 170 193 253 227 179 132 126  79 139 105 130 136 132 141  46 100000000  17  70  89 101 135 148 157 137 175 219 183 220  85 105 193
 94 121 137 121 203 251 237 189 149 136  96 156 122 107 114 107  98  63  17 100000000  53  72  84 118 131 183 120 158 202 166 241  68 131 214
104 131 147 131 213 239 247 199 183 146 144 184 142 117 124 117 108 116  70  53 100000000  19  31  65  78 149  67 105 149 113 188  95 196 161
123 150 166 150 232 258 266 218 202 165 163 165 161 136 143 136 127 135  89  72  19 100000000  71 105 118 189 107 117 167 153 228  76 190 201
 98 125 141 125 207 203 221 193 177 140 175 215 136 111 118 111 102 147 101  84  31  71 100000000  34  47 118  36  89 118  82 157 131 165 130
 58  85 101  85 167 215 201 153 137 100 141 249  96  71  78  71  62 166 135 118  65 105  34 100000000  59 130  48 101 130  94 169 104 131 142
 38  65  81  65 147 195 181 133 117  80 121 242  76  51  58  51  42 146 148 131  78 118  47  59 100000000 150  68 121 150 114 189 124 151 162
 30  57  73  57 139 187 173 125 109  72 113 234  68  43  50  43  34 138 157 183 149 189 118 130 150 100000000  37  90 119  70  83 132  92  56
 67  94 110  94 176 172 190 162 146 109 150 251 105  80  87  80  71 175 137 120  67 107  36  48  68  37 100000000  53  82  46 121 162 174  94
120 147 163 147 229 207 225 215 199 162 203 282 158 133 140 133 124 221 175 158 105 117  89 101 121  90  53 100000000  50  78 147 192 206 126
149 160 164 166 222 175 193 244 228 191 232 332 187 162 169 162 153 257 219 202 149 167 118 130 150 119  82  50 100000000  28 103 196 156  76
100  80 102  86 204 157 175 195 179 142 183 297 138 113 120 113 104 208 183 166 113 153  82  94 114  70  46  78  28 100000000  90 168 128  63
 93  67  71  73 148 101 119 188 172 135 176 297 131 106 115 108  99 201 220 241 188 228 157 169 189  83 121 147 103  90 100000000 224 144  32
162 189 205 189 235 295 269 221 174 168 121 113 147 172 178 174 166 120  85  68  95  76 131 104 124 132 162 192 196 168 224 100000000 124 212
 62 128 105  89  60 120  94  46  57  20  61 182  50  49  81  77  84  86 105 131 196 190 165 131 151  92 174 206 156 128 144 124 100000000 168
 66  40  62  46 175 133 151 161 145 108 149 270 104  79  88  81  72 174 193 214 161 201 130 142 162  56  94 126  76  63  32 212 168 100000000