9999999    1890    2629    1193    2864     436    1814     672    1599     773    1069    1932    2564    2566    1257    1413    1363    1451    1009    1614    1185    1644    1266    1482    1393    1819    1621     740    2381    2226    1075    1186    2923    1934    1813    1426    2700    1233    2110    1735    2887     799    2571    1946    1308    2325     621    2587     690    1819    1168    2499    1205    1539    2020     963    1557     790    1283    1218    1168    1414     480    1534    1321    1404     655    1728    1341    1395    2981    1201    1610    1019     776    2843    1282    2493    1211    1215    1505    2330    2013     969    1946    1650    1395    1578     899     773    1089     353     489    1359    2546    2671    1140     881    1530    2936
   1890 9999999    1855    2502    1252    2359    1407    1794    1450    2712    2615    1908    1278    1990    2839    3036    2542    3116    2397    1613    2578    3267    2251    3144    1015    2760    1973    1575    1842    1328    1748    2265    1456    1678    2173    2892    1222    3083    1239     510    2121    1595    2152     428    2297    1933    2154    1845    2396     787    1457    1416    2876     692    1802    2293    1678    1317    2659    2237    1028    2058    2110     416    2652    3008    1117     881     666    3117    2041    2828     618    2558    2354    1385    2002    1425    2986    1835    1177     687    1605    2878     986    2001    1328    2814    1685    2618    2285    1963    1404    3238     803    1580    2284    2049    3459    2003
   2629    1855 9999999    3557    1308    2808    1011    2834    1018    2935    2612     793    1674     564    2672    3546    2342    3405    3334    1071    2584    3932    1961    3373    1225    4019    1087    2183     408     812    3143    2340    1693     728    1222    3154    1227    3612    1183    1754     798    2866     290    1699    1907     377    2264     714    2784    1315    1439     829    3366    2096     688    3229    1284    1852    2875    1550    1667    1624    2521    1972    3781    3639    2222    1334    1745    3942     575    2884    1582    2959    2870    1826    1396     910    3485    3064    1278    1772     834    3229    1043    1053    1096    3664    2707    3096    1931    2897    2129    3805    1796    1139    3029    1836    3509     769
   1193    2502    3557 9999999    3485    1185    2777    1012    2526    1263    1765    2968    3441    3445    1897     817    2006    1306     674    2527    1643     873    2218    1327    2548     445    2946    1649    3334    3512     948    1876    3599    2911    2760    1631    3626    1322    3263    2109    4090     976    3519    2563    2015    3560    1682    3621     994    2831    2286    3632     785    2136    3004     736    2848    2003    1863    2610    2116    2417     998    2494     508     314    1641    2929    2202     584    4059    1548    2753    1630     580    3758    2303    3515     737    1144    2356    3132    2947    1188    3026    2940    2688    1015    1212    1126    2050    1144    1628    1076    3309    3397     426    1955    1781    3781
   2864    1252    1308    3485 9999999    3149    1788    2717    1586    3334    3103    1831     588     902    3025    3814    3187    3927    3391    1723    3313    3900    2687    3699    1369    3846    1935    2137    1182     793    3059    3068     764    1443    2039    3912     435    4000     606    1621    1205    2676    1400    1198    2697    1478    2675    1003    3125    1090    1670     259    3566    1767    1479    3087    1825    1845    3257    2447    1744    2163    3042    1421    3828    3687    2328    1214    1554    4112    1130    3299    1243    3442    3250     801    1967     562    3772    2926    1689     758    1429    3526     841    2013    1567    4011    2645    3449    2604    2972    2528    4229     782     563    3184    2744    3940    1219
    436    2359    2808    1185    3149 9999999    2118     834    2036     784    1215    2206    3251    2993    1231    1249    1356    1011     749    2132     983    1324    1213    1174    1854    1438    1922    1149    2682    2841    1136     908    3063    2535    2133    1153    3091    1057    2775    1765    3256    1064    2743    2152    1279    2801     632    3204      82    2472    1851    3104     992    1847    2160     735    1911    1511    1175    1577    1724    1940     290    1874     984    1074     980    2311    1754    1071    3086     883    2116    1050     520    3285    1549    2904     909    1284    1726    2840    2325     787    2458    2155    1842    1146     992     452    1312     342    1119    1133    2999    3162     846    1318    1312    3137
   1814    1407    1011    2777    1788    2118 9999999    1772     313    2345    1680     420    1812    1346    1710    3014    1733    2836    2420     398    2107    3138    1014    2500     614    3215     723    1163     674    1256    2103    1640    1915     443     729    2501    1685    2489    1319    1343    1346    2000     972    1560    1217     691    1681    1477    2200    1090     739    1455    2780    1699     378    2193     151    1114    2033     829     846     780    1730    1441    2810    2782    1527    1049    1180    2956    1452    2108    1052    2198    2120    1850     742    1580    2750    2461     831    1818     388    2434     784     689     325    2660    2101    2308    1462    1738    1185    3002    2007    1469    2372    1399    2800    1265
    672    1794    2834    1012    2717     834    1772 9999999    1748     986    1701    2078    2720    2824    1673    1507    1723    1601     841    1928    1470    1339    1489    1553    1617    1369    2066    1052    2352    2302     511    1488    2691    2222    2117    1445    2752    1651    2274    1366    3245     617    2737    2009    1522    2682    1152    2899     589    1821    1543    2907    1197    1559    2226     649    1682    1090    1616    1922    1397    1966     688    1508    1311    1281     716    1732    1532    1483    3118    1164    1603    1389     813    2693    1717    2728    1289     798    1748    2423    2102    1414    2015    1868    1832    1383     648     776    1302     231     906    1578    2712    2658     714    1265    1991    2911
   1599    1450    1018    2526    1586    2036     313    1748 9999999    2175    1811     271    1873    1318    1840    2849    1769    2729    2381     415    2126    3021    1066    2461     783    3190     424    1416     699    1211    2142    1561    1887     440     632    2590    1490    2671    1127    1436    1289    1836     887    1194    1527     973    1354    1200    2191    1184     657    1530    2478    1533     673    2369     262    1027    1983     999     581     956    1779    1267    3027    2948    1231     945    1075    3152    1252    2084    1197    1962    2110    2066     922    1525    2580    2223     574    1556     557    2448     815     565     241    2736    2177    2158    1228    1898    1217    2858    1862    1192    2552    1375    2750    1614
    773    2712    2935    1263    3334     784    2345     986    2175 9999999     968    2421    3440    3101    1116     914     830     609    1039    1880     693    1189    1230     601    2199    1417    2290    1228    2725    3038    1378    1065    3672    2543    1958     832    3444     702    2910    2430    3274    1267    2894    2614    1400    2717     785    3335     453    2443    1891    3535     900    2304    2252    1362    2172    1708     690    1607    1940    1859     611    2496    1311    1107    1404    2640    2158    1149    3402     314    2633     730     837    3485    1752    3496     611    1597    2265    3201    2282     318    2713    2107    1848    1084    1598     688    1283     898    1254     940    3436    3293    1224    1388    1025    3440
   1069    2615    2612    1765    3103    1215    1680    1701    1811     968 9999999    1857    3414    2826     348    1506     511    1369    1408    1565     574    1612     942    1100    1667    2194    1701    1038    2160    2687    1939     542    3257    1974    1646     866    3224    1186    2612    2214    2988    1799    2315    2358     730    2146     537    2839    1056    2286    1786    3037    1467    2391    1747    1776    1767    1208     505    1280    1686    1427     833    2387    1980    1966    1665    2180    2065    1852    2919     540    2209     594    1481    3181    1277    2881    1514    2062    1734    2770    1805    1040    2119    1594    1456    1682    1891     987     557    1283    1033    1603    3197    2941    1583     552    1097    2999
   1932    1908     793    2968    1831    2206     420    2078     271    2421    1857 9999999    1973    1258    1562    2900    1544    2822    2703     327    2074    2889     965    2769     966    3141     501    1357     815    1059    2562    1379    2314     508     607    2618    1851    2829    1549    1511    1500    2089     845    1617    1131     981    1629    1322    1943    1449     863    1410    2539    1768     300    2579     612    1278    2037     851     931     829    2025    1730    2972    2942    1563    1160    1211    3140    1343    2218    1449    1993    2219    2106     936    1666    2481    2482    1153    1874     580    2142    1153     480     724    2964    2308    2442    1497    1884    1533    2939    2226    1660    2607    1022    2703    1308
   2564    1278    1674    3441     588    3251    1812    2720    1873    3440    3414    1973 9999999    1536    3516    3827    3211    3942    3481    2177    3284    3883    2739    4067    1470    3665    2110    2543    1529    1188    2756    3145     487    1640    2491    3828     624    3908    1074    1630    1841    2857    1933    1015    2987    1868    2938    1228    3326    1019    1989    1117    3648    1318    1701    3109    1972    2117    3633    2356    1751    2471    3099    1495    3533    3893    2264    1174    1485    3984    1695    3384    1309    3417    3195     143    2353     968    3882    2894    1550     474    1736    3550    1157    2274    1956    3968    2773    3351    2922    2904    2219    4027     480     979    3050    2597    4177    1468
   2566    1990     564    3445     902    2993    1346    2824    1318    3101    2826    1258    1536 9999999    2539    3907    2772    3814    3225    1184    2853    4035    1909    3667    1368    4189    1061    2299     537     548    3113    2512    1563     799    1377    3320    1076    3638     768    2007     584    2785     499    1510    2404     550    2328     501    2988    1628    1485    1010    3531    2131     870    3359    1210    1847    2830    1776    1626    1505    2789    1934    3721    3859    2058    1270    1683    4047     283    3142    1525    2885    3050    1536    1880     876    3738    3231    1342    1631     837    3393     970    1310    1261    3943    2812    3041    2164    2745    2136    4063    1741     900    3140    2255    3496     435
   1257    2839    2672    1897    3025    1231    1710    1673    1840    1116     348    1562    3516    2539 9999999    1876     255    1431    1719    1629     560    1708     938    1455    1976    2546    1483    1478    2273    2590    2023     489    3195    2026    1334    1209    3145    1191    2856    2158    2782    1932    2402    2337     629    2329     743    2747    1184    2366    1693    2902    1451    2283    1867    1898    1773    1416     715     993    1740    1260    1215    2122    2305    2225    1505    2380    2100    2030    2756     634    2404     737    1554    3283    1020    2857    1409    2101    1790    3020    1804     991    2488    1714    1769    1532    1898    1250     584    1258    1436    1925    3279    2725    2022     958    1419    2959
   1413    3036    3546     817    3814    1249    3014    1507    2849     914    1506    2900    3827    3907    1876 9999999    1817     693     695    2975    1550      84    2080     809    2493    1001    2927    1801    3504    3760    1483    1729    3987    3164    3019     904    4146     736    3459    2557    4151    1723    3820    3107    2033    3432    1651    3887     906    3267    2457    3904     614    2690    3215    1096    2797    2202    1439    2558    2574    2598    1170    2587     743     671    2016    2917    2830     380    3969    1306    2795    1293     902    3980    2475    3806     389    1573    2650    3563    3318     888    3367    2962    2529     295    1845     999    1903    1474    1811     216    3870    3887    1198    1849    1016    4066
   1363    2542    2342    2006    3187    1356    1733    1723    1769     830     511    1544    3211    2772     255    1817 9999999    1441    1548    1661     564    2003     655    1338    2006    2411    1745    1347    2413    2621    2187     515    3434    2059    1410     996    2991    1190    2826    2212    3048    1850    2435    2417     480    2336     968    2943    1088    2577    1740    2925    1590    2284    2112    1757    1667    1570     637    1312    1775    1068     972    2517    1998    2136    1728    2437    2048    2030    2980     619    2472     746    1545    3468    1343    3168    1596    2192    1796    2980    1963    1112    2368    1373    1636    1841    1916    1282     668    1367    1439    1714    3319    3124    1684     674    1046    3077
   1451    3116    3405    1306    3927    1011    2836    1601    2729     609    1369    2822    3942    3814    1431     693    1441 9999999     899    2502    1188     617    1806     398    2418    1319    2811    1743    3361    3403    1566    1392    3988    3228    2689     594    4063     343    3388    2708    3776    1799    3465    2881    1834    3162    1353    3915    1049    2882    2319    3669     759    2799    3048    1469    2657    2239    1115    1993    2201    2425     954    2563    1013    1092    1794    2878    2664     815    3800     758    2830    1095    1098    3932    2067    3958     327    1497    2468    3676    3024     785    3052    2647    2589     607    1689     626    1707    1102    1634     611    3665    3531    1204    1882     849    3759
   1009    2397    3334     674    3391     749    2420     841    2381    1039    1408    2703    3481    3225    1719     695    1548     899 9999999    2291    1239     802    1793     942    2042     825    2498    1600    3190    3291    1137    1627    3678    2801    2383    1152    3437    1025    2900    2184    3680    1191    3404    2592    1925    3072    1212    3425     727    2494    2135    3347     282    2342    2665     558    2231    1618    1274    2213    1888    2315     725    2390     722     842    1348    2725    2040     769    3818    1148    2269    1209     528    3653    1916    3238     581    1072    2333    3249    2704    1017    2759    2632    2232     887     981     561    1708     700    1268    1030    3265    3308     520    1635    1218    3666
   1614    1613    1071    2527    1723    2132     398    1928     415    1880    1565     327    2177    1184    1629    2975    1661    2502    2291 9999999    1772    2971    1163    2610     960    3239     473    1065    1036    1507    2140    1168    2000     810     345    2306    1972    2651    1290    1605    1557    2248    1127    1494    1022     969    1350    1369    1978    1397     701    1641    2711    1830     535    2525     598    1024    2028     834     756     520    1795    1569    2769    2816    1311     980    1189    2982    1343    2033    1430    1982    2341    2105     741    1827    2584    2263    1032    1880     475    2098    1264     198     673    2648    2049    2086    1046    1806    1249    2926    2093    1755    2508    1236    2410    1695
   1185    2578    2584    1643    3313     983    2107    1470    2126     693     574    2074    3284    2853     560    1550     564    1188    1239    1772 9999999    1506    1272     848    1896    1917    1866    1484    2724    2714    2022     560    3364    2516    1997     474    3418    1014    2796    2348    3158    1538    2529    2684     986    2619     676    3237     999    2755    1712    3320    1325    2530    2394    1799    1739    1417     191    1454    1907    1587     851    2445    1611    1776    1633    2480    2179    1734    3357     333    2364     334    1236    3470    1293    3123    1210    1875    2175    2963    2096     560    2453    1784    2083    1149    1752     939     757    1226    1369    1365    3239    3005    1528    1112    1125    3319
   1644    3267    3932     873    3900    1324    3138    1339    3021    1189    1612    2889    3883    4035    1708      84    2003     617     802    2971    1506 9999999    2094     813    2880    1106    3170    1997    3558    3800    1498    1819    4192    3400    2842    1183    3872     892    3811    2740    4388    1737    3696    3244    2237    3737    1461    3878    1220    3114    2601    4015     656    2631    3181    1259    2838    2331    1296    2541    2661    2722    1423    2841    1039     652    2204    3205    2739     222    4303    1317    3008    1413     883    4129    2587    3808     438    1375    2905    3819    3254     846    3266    2860    2727     244    1677     718    1908    1543    2014     177    3876    4099    1053    2241    1195    4182
   1266    2251    1961    2218    2687    1213    1014    1489    1066    1230     942     965    2739    1909     938    2080     655    1806    1793    1163    1272    2094 9999999    1571    1386    2463    1252    1136    1740    2036    2058     403    2648    1417    1102    1570    2650    1714    1920    1676    2483    1666    1955    1847     235    1825     764    2330    1278    2051    1222    2330    2014    2087    1502    1820     862    1153    1050     574    1194     795    1224    1698    2184    2380    1392    1774    1740    2328    2162    1344    1815    1215    1608    2913     710    2431    1777    1804    1366    2567    1383    1298    1876    1063    1090    1873    1638    1387     371    1573    1037    2010    2766    2288    1698     318    1855    2510
   1482    3144    3373    1327    3699    1174    2500    1553    2461     601    1100    2769    4067    3667    1455     809    1338     398     942    2610     848     813    1571 9999999    2442    1427    2561    1665    3266    3504    1719    1278    3983    2875    2659     318    3871     309    3347    2759    3721    1890    3414    3089    1563    3301    1288    3665     880    3142    2615    3853     892    2963    2747    1557    2659    2121    1081    2083    2266    2128    1048    2668    1376    1113    2012    2974    2829    1045    3697    1008    3029     991     979    3995    1974    3856     666    1649    2552    3568    3015     686    3274    2737    2323     760    1870     954    1748    1547    1699     591    3794    3650    1296    1633     418    3910
   1393    1015    1225    2548    1369    1854     614    1617     783    2199    1667     966    1470    1368    1976    2493    2006    2418    2042     960    1896    2880    1386    2442 9999999    2813     981    1136    1057    1000    1968    1661    1738    1149    1063    2299    1383    2363    1088     796    1741    1528    1389     985    1635    1381    1349    1447    1750     875     573    1575    2296    1130    1011    1946     704     590    2263    1278     463    1063    1704     706    2550    2660     783     655     511    2866    1820    2125     497    1870    1835    1695     921    1328    2207    1777     439    1380     970    2099     814     926     543    2447    1784    2200    1558    1571    1183    2636    1565    1436    2275    1195    2754    1595
   1819    2760    4019     445    3846    1438    3215    1369    3190    1417    2194    3141    3665    4189    2546    1001    2411    1319     825    3239    1917    1106    2463    1427    2813 9999999    3473    2098    3770    3689    1216    2471    3864    3580    3399    1993    4047    1624    3420    2540    4536    1180    3906    2935    2523    3816    2104    3972    1305    2994    2740    4114     958    2567    3330     820    2870    2206    2140    2790    2831    2997    1739    2430     373     423    2050    3149    2559     741    4450    2049    2796    2171    1206    3946    2691    4068    1368    1269    2843    3250    3242    1583    3225    3415    2794     970    1504    1440    2492    1287    2265    1019    3516    4011    1007    2282    2102    4371
   1621    1973    1087    2946    1935    1922     723    2066     424    2290    1701     501    2110    1061    1483    2927    1745    2811    2498     473    1866    3170    1252    2561     981    3473 9999999    1563     944    1167    2619    1396    2098     768     503    2589    1799    2787    1642    1853    1608    2096     861    1691    1311    1015    1657    1582    2199    1571    1045    1734    2649    1864     480    2493     453    1321    1832     935    1239     710    1835    1574    3089    3227    1597    1477    1562    2909    1521    2192    1370    1783    2391    2160     720    1676    2439    2518    1014    1872     579    2326    1118     258     872    3034    2495    2468    1366    1897    1511    3101    2398    1623    2562    1142    2673    1312
    740    1575    2183    1649    2137    1149    1163    1052    1416    1228    1038    1357    2543    2299    1478    1801    1347    1743    1600    1065    1484    1997    1136    1665    1136    2098    1563 9999999    1735    1999    1346     991    2427    1590    1597    1822    2275    1746    1923    1080    2426     862    2099    1598     963    1918     652    2417    1171    1627     942    2209    1544    1255    1604    1352    1239     307    1351     989     723    1247    1024    1072    2020    1679     382    1240    1122    1885    2378    1199    1227    1193    1114    2360     822    2363    1671    1150    1085    1879    1602    1505    1578    1297    1217    1969    1254    1337     863    1039     141    2119    2099    2277    1506    1079    1941    2273
   2381    1842     408    3334    1182    2682     674    2352     699    2725    2160     815    1529     537    2273    3504    2413    3361    3190    1036    2724    3558    1740    3266    1057    3770     944    1735 9999999     655    2955    2362    1463     321     965    3312    1092    3214     845    1733     860    2686     737    1402    1951     471    2112     719    2634    1273    1328     896    3437    1966     569    3035     807    1686    2654    1407    1398    1525    2578    1546    3558    3537    2045     927    1400    3528     837    2822    1194    2796    2777    1862    1497    1068    3227    2805    1248    1592     695    2992     839    1119     889    3672    2584    2727    1821    2674    2007    3569    1846    1021    2920    1874    3266     683
   2226    1328     812    3512     793    2841    1256    2302    1211    3038    2687    1059    1188     548    2590    3760    2621    3403    3291    1507    2714    3800    2036    3504    1000    3689    1167    1999     655 9999999    2592    2201    1219     851    1615    3371     898    3538     483    1635     861    2444     786     968    2309     768    2434     506    2878    1031    1080     372    3233    1426    1173    2935     995    1744    2892    1604    1190    1577    2480    1552    3446    3618    1829     961    1202    3529    1081    2867     960    3023    2876    1308    1611     573    3390    2837    1300    1218    1164    3215     624    1218    1170    3584    2505    2850    2108    2499    1786    3783    1078     359    3228    2206    3752    1030
   1075    1748    3143     948    3059    1136    2103     511    2142    1378    1939    2562    2756    3113    2023    1483    2187    1566    1137    2140    2022    1498    2058    1719    1968    1216    2619    1346    2955    2592 9999999    1856    3047    2636    2573    1905    3044    1761    2738    1438    3315     576    2882    1777    2054    2669    1621    2935    1166    2033    1827    2951    1363    1320    2453     383    2291    1408    1933    1964    1746    2224    1151    1723    1012    1298    1026    1973    1717    1529    3349    1668    1824    1886     723    3036    1971    2871    1697     394    1638    2528    2402    1594    2238    2358    1982    1582     216    1469    1637     883    1246    1586    2409    2795     940    1913    2415    3331
   1186    2265    2340    1876    3068     908    1640    1488    1561    1065     542    1379    3145    2512     489    1729     515    1392    1627    1168     560    1819     403    1278    1661    2471    1396     991    2362    2201    1856 9999999    3282    1739    1556    1053    3001    1350    2349    2245    2688    1757    2043    2214     619    2099     473    2621    1130    2094    1214    2939    1439    2054    1747    1770    1448    1391     887     884    1553     927     974    1909    2161    1999    1220    1849    1935    1888    2758     608    2005     716    1623    3196     873    2638    1252    1960    1678    2767    1900    1038    1992    1203    1263    1785    1884    1013     608    1095    1142    1596    3006    2521    1727     603    1601    2541
   2923    1456    1693    3599     764    3063    1915    2691    1887    3672    3257    2314     487    1563    3195    3987    3434    3988    3678    2000    3364    4192    2648    3983    1738    3864    2098    2427    1463    1219    3047    3282 9999999    1891    2264    3908     590    3943     888    1671    1825    2741    1743    1074    2973    1711    3131    1387    3078    1035    1876    1044    3842    1687    2040    3005    2066    2261    3710    2649    2026    2382    2937    1373    3754    3891    2245    1491    1638    4231    1580    3564    1203    3448    3127     361    2448    1104    3767    2795    1867     620    1865    3783    1239    2337    1898    3968    2568    3640    2928    2807    2547    4087     584     898    3424    3004    4189    1585
   1934    1678     728    2911    1443    2535     443    2222     440    2543    1974     508    1640     799    2026    3164    2059    3228    2801     810    2516    3400    1417    2875    1149    3580     768    1590     321     851    2636    1739    1891 9999999    1069    2656    1461    3158     864    1587    1119    2222     836    1222    1544     405    1823    1105    2444    1382    1055    1003    2902    1898     402    2728     672    1333    2330    1018    1227     852    2225    1643    3163    3382    1668    1015    1437    3382    1049    2477    1084    2326    2566    1883    1085    1008    3027    2495     970    1466     400    2819     803     858     830    3277    2218    2521    1734    2156    1508    3372    1765    1258    2906    1624    3051    1039
   1813    2173    1222    2760    2039    2133     729    2117     632    1958    1646     607    2491    1377    1334    3019    1410    2689    2383     345    1997    2842    1102    2659    1063    3399     503    1597     965    1615    2573    1556    2264    1069 9999999    2356    2021    2673    1608    1834    1490    2129    1036    1926    1127    1160    1620    1762    2295    1827    1043    1971    2515    2004     778    2441     623    1447    1816     488    1152     380    2042    1891    2886    3226    1527    1532    1486    3008    1590    1768    1565    1845    2207    2637     542    1773    2618    2610    1389    2233     577    2315    1211     528    1004    2681    2337    2304    1284    2184    1337    2924    2478    1945    2737    1136    2624    1662
   1426    2892    3154    1631    3912    1153    2501    1445    2590     832     866    2618    3828    3320    1209     904     996     594    1152    2306     474    1183    1570     318    2299    1993    2589    1822    3312    3371    1905    1053    3908    2656    2356 9999999    3967     246    3316    2662    3862    1827    3216    2846    1333    3162    1009    3746     882    2916    2403    3807    1125    2806    2637    1851    2567    2045     545    1732    2418    1887    1269    2652    1620    1471    1821    2756    2651    1276    3592     819    2911     520    1381    4168    2107    3814     916    1737    2549    3692    2589     347    2905    2361    2210    1155    2132     805    1319    1227    1791     884    3596    3701    1365    1516     594    3751
   2700    1222    1227    3626     435    3091    1685    2752    1490    3444    3224    1851     624    1076    3145    4146    2991    4063    3437    1972    3418    3872    2650    3871    1383    4047    1799    2275    1092     898    3044    3001     590    1461    2021    3967 9999999    3787     507    1640    1424    2688    1520    1222    2905    1355    2728     958    3227    1122    1862     486    3707    1594    1738    3223    1620    1837    3298    2333    1845    2045    2877    1355    3843    3810    2047    1129    1455    3959    1110    3237    1210    3195    3418     550    2062     705    3587    3109    1361     848    1721    3707     856    2081    1712    4078    2738    3488    2608    2899    2260    3982     874     547    3299    2596    4160    1245
   1233    3083    3612    1322    4000    1057    2489    1651    2671     702    1186    2829    3908    3638    1191     736    1190     343    1025    2651    1014     892    1714     309    2363    1624    2787    1746    3214    3538    1761    1350    3943    3158    2673     246    3787 9999999    3351    2646    3977    1709    3377    3208    1371    3460    1295    3679     925    3284    2536    3840     762    2917    3031    1772    2675    2265     700    2093    2560    2220    1170    2933    1612    1466    1903    3053    2477    1050    3985     889    2907     880    1111    4058    2055    3639     496    2050    2475    3702    2792     436    3123    2479    2691     751    1830     976    1607    1594    1876     877    3810    3523    1436    1459     520    3844
   2110    1239    1183    3263     606    2775    1319    2274    1127    2910    2612    1549    1074     768    2856    3459    2826    3388    2900    1290    2796    3811    1920    3347    1088    3420    1642    1923     845     483    2738    2349     888     864    1608    3316     507    3351 9999999    1127    1122    2523    1254    1089    2484     997    2211     678    2712     789    1242     742    3187    1308     970    2674    1139    1769    2886    1667    1388    1798    2650    1222    3468    3554    1648     836    1093    3698    1320    2781    1013    2930    2824    1182    1655     750    3136    2594     932     920    1144    3189     532    1504    1346    3471    2427    2963    2152    2654    1967    3823     975     511    2874    2311    3631    1140
   1735     510    1754    2109    1621    1765    1343    1366    1436    2430    2214    1511    1630    2007    2158    2557    2212    2708    2184    1605    2348    2740    1676    2759     796    2540    1853    1080    1733    1635    1438    2245    1671    1587    1834    2662    1640    2646    1127 9999999    2086    1323    1869     497    2053    1694    1646    1797    1946     933    1239    1644    2610     429    1707    1843    1597    1081    2429    1628     929    1617    2040     249    2464    2676    1168     937     517    2681    2125    2289     538    2502    1868    1579    1655    1600    2430    1460     925    1222    1567    2368    1177    1975    1313    2620    1243    2186    1887    1454    1389    2691    1509    1588    1899    1668    3131    2208
   2887    2121     798    4090    1205    3256    1346    3245    1289    3274    2988    1500    1841     584    2782    4151    3048    3776    3680    1557    3158    4388    2483    3721    1741    4536    1608    2426     860     861    3315    2688    1825    1119    1490    3862    1424    3977    1122    2086 9999999    3297     776    1928    2341     885    2716     537    3394    1891    1786     842    3902    2450    1319    3707    1602    2242    3428    1878    2010    1772    3175    2142    4185    4171    2690    1517    2016    4341     456    3367    1922    3183    3447    1839    2147     879    3695    3310    1633    1957    1086    3428    1255    1488    1730    4058    3051    3667    2478    3253    2354    4125    1859     982    3672    2257    3933     221
    799    1595    2866     976    2676    1064    2000     617    1836    1267    1799    2089    2857    2785    1932    1723    1850    1799    1191    2248    1538    1737    1666    1890    1528    1180    2096     862    2686    2444     576    1757    2741    2222    2129    1827    2688    1709    2523    1323    3297 9999999    2663    1764    1773    2681    1445    2914     942    2059    1675    2704    1401    1414    2179     535    2091    1073    1726    2075    1676    2058    1053    1351    1231    1318     805    2144    1319    1544    2967    1489    1704    1575     766    2886    1872    2680    1304     594    1627    2475    2495    1440    1952    2052    1721    1542     553    1185    1484     764    1247    1724    2338    2771     862    1659    2192    2931
   2571    2152     290    3519    1400    2743     972    2737     887    2894    2315     845    1933     499    2402    3820    2435    3465    3404    1127    2529    3696    1955    3414    1389    3906     861    2099     737     786    2882    2043    1743     836    1036    3216    1520    3377    1254    1869     776    2663 9999999    1825    2095     388    2425     872    3005    1668    1508    1240    3594    2295     649    3111     944    1601    2917    1409    1477    1219    2567    1850    3884    3819    2076    1176    1868    3781     646    2856    1594    2876    3274    2161    1554    1225    3279    3129    1507    1894     736    2999    1172    1116    1082    3802    2788    3033    2130    2810    2081    3921    2102    1275    3157    1968    3543     618
   1946     428    1699    2563    1198    2152    1560    2009    1194    2614    2358    1617    1015    1510    2337    3107    2417    2881    2592    1494    2684    3244    1847    3089     985    2935    1691    1598    1402     968    1777    2214    1074    1222    1926    2846    1222    3208    1089     497    1928    1764    1825 9999999    2152    1660    2071    1726    2368     500    1295    1257    2995     488    1532    2035    1266    1100    2840    1884    1039    1650    2060     599    2761    2962    1315     683     457    2963    1734    2637     539    2554    2300    1281    1603    1069    2948    2150     674     839    1436    2666     956    1565    1393    3214    1565    2334    2069    1943    1545    3275     966    1202    2437    1883    3236    1827
   1308    2297    1907    2015    2697    1279    1217    1522    1527    1400     730    1131    2987    2404     629    2033     480    1834    1925    1022     986    2237     235    1563    1635    2523    1311     963    1951    2309    2054     619    2973    1544    1127    1333    2905    1371    2484    2053    2341    1773    2095    2152 9999999    2005     834    2438    1402    2149    1238    2788    1616    2207    1732    1848    1227     995    1014     821    1211     725    1092    1888    2227    2089    1365    1895    1751    2365    2466    1124    1797    1066    1491    3009     679    2692    1725    1808    1572    2800    1373    1348    1903    1198    1211    1942    2060    1388     570    1390    1221    2044    3060    2398    1959     602    1530    2698
   2325    1933     377    3560    1478    2801     691    2682     973    2717    2146     981    1868     550    2329    3432    2336    3162    3072     969    2619    3737    1825    3301    1381    3816    1015    1918     471     768    2669    2099    1711     405    1160    3162    1355    3460     997    1694     885    2681     388    1660    2005 9999999    2378     610    2781    1425    1162    1201    3276    1753     605    2889    1002    1533    2500    1251    1504    1168    2360    1846    3662    3485    1832    1042    1548    3515     608    2703    1383    2529    2791    1635    1515    1135    3348    2875    1170    1566     724    2874    1007    1114     934    3665    2855    2930    1976    2503    1997    3629    1919    1090    3245    1692    3393     675
    621    2154    2264    1682    2675     632    1681    1152    1354     785     537    1629    2938    2328     743    1651     968    1353    1212    1350     676    1461     764    1288    1349    2104    1657     652    2112    2434    1621     473    3131    1823    1620    1009    2728    1295    2211    1646    2716    1445    2425    2071     834    2378 9999999    2562     846    2122    1402    2704    1295    1896    1648    1198    1441    1090    1002     930    1110    1330     620    1823    1872    1566    1157    2077    1793    1646    2915     667    1730     717    1095    2834    1136    2860    1368    1634    1437    2500    1894    1012    1997    1677    1228    1620    1570     808     580     921     778    1636    2879    2517    1352     665    1307    2644
   2587    1845     714    3621    1003    3204    1477    2899    1200    3335    2839    1322    1228     501    2747    3887    2943    3915    3425    1369    3237    3878    2330    3665    1447    3972    1582    2417     719     506    2935    2621    1387    1105    1762    3746     958    3679     678    1797     537    2914     872    1726    2438     610    2562 9999999    3155    1483    1723     586    3752    1801    1014    3308    1345    2107    3217    1841    1638    1818    3158    1722    3918    3926    2275    1264    1727    4032     527    3315    1550    3160    3229    1475    1847     427    3621    3202    1365    1611    1238    3397    1143    1382    1321    3877    2865    3157    2608    3059    2125    4025    1313     727    3524    2243    3900     377
    690    2396    2784     994    3125      82    2200     589    2191     453    1056    1943    3326    2988    1184     906    1088    1049     727    1978     999    1220    1278     880    1750    1305    2199    1171    2634    2878    1166    1130    3078    2444    2295     882    3227     925    2712    1946    3394     942    3005    2368    1402    2781     846    3155 9999999    2268    1876    3241     890    1934    2213     698    2151    1352    1006    1622    1752    1861     553    1929    1082    1303    1018    2316    1982    1298    3102     637    2140    1189     649    3475    1496    3032     645    1222    1775    2676    2317     677    2476    2037    1938     876    1220     515    1246     395    1099    1212    3191    2993     982    1046    1182    3355
   1819     787    1315    2831    1090    2472    1090    1821    1184    2443    2286    1449    1019    1628    2366    3267    2577    2882    2494    1397    2755    3114    2051    3142     875    2994    1571    1627    1273    1031    2033    2094    1035    1382    1827    2916    1122    3284     789     933    1891    2059    1668     500    2149    1425    2122    1483    2268 9999999     957     990    2746     658    1160    2475    1372    1250    2662    1806     900    1833    2178     788    2961    3042    1146     523     695    3354    1892    2506     370    2720    2433    1274    1580     912    2915    2279     705     758    1258    2736     648    1744    1218    2961    1772    2588    1990    2249    1475    3423    1066     906    2623    1806    3296    1520
